"subj" "group" "tree" "cat" "rt"
0 0 0 0 787
0 0 0 1 825
0 0 0 0 531
0 0 0 0 569
0 0 0 0 730
0 0 0 0 478
0 0 0 0 519
0 0 0 0 538
0 0 0 0 659
0 0 0 0 682
0 0 0 1 1789
0 0 0 0 526
0 0 0 1 1165
0 0 0 0 549
0 0 0 0 775
0 0 0 0 435
0 0 0 0 691
0 0 0 1 736
0 0 0 0 573
0 0 0 0 445
0 0 0 0 932
0 0 0 1 1046
0 0 0 0 566
0 0 0 0 770
0 0 0 0 679
0 0 0 0 669
0 0 0 0 547
0 0 0 0 497
0 0 0 0 482
0 0 0 0 546
0 0 1 2 569
0 0 1 3 820
0 0 1 3 883
0 0 1 3 996
0 0 1 3 667
0 0 1 3 941
0 0 1 2 554
0 0 1 3 822
0 0 1 2 818
0 0 1 3 830
0 0 1 3 857
0 0 1 3 706
0 0 1 3 888
0 0 1 3 707
0 0 1 3 889
0 0 1 2 875
0 0 1 3 1243
0 0 1 3 718
0 0 1 3 799
0 0 1 3 730
0 0 1 3 1157
0 0 1 3 1487
0 0 1 3 846
0 0 1 3 798
0 0 1 3 604
0 0 1 3 826
0 0 1 3 1283
0 0 1 3 700
0 0 1 3 791
0 0 1 3 813
1 0 0 0 645
1 0 0 0 562
1 0 0 0 587
1 0 0 1 882
1 0 0 0 587
1 0 0 1 844
1 0 0 0 893
1 0 0 0 564
1 0 0 0 482
1 0 0 1 1160
1 0 0 0 666
1 0 0 0 546
1 0 0 0 745
1 0 0 0 586
1 0 0 0 502
1 0 0 1 784
1 0 0 0 689
1 0 0 0 727
1 0 0 0 437
1 0 0 1 960
1 0 0 0 495
1 0 0 0 537
1 0 0 0 525
1 0 0 0 543
1 0 0 0 465
1 0 0 1 705
1 0 0 0 460
1 0 0 0 554
1 0 0 0 889
1 0 0 0 525
1 0 1 3 782
1 0 1 2 604
1 0 1 2 590
1 0 1 3 899
1 0 1 3 764
1 0 1 3 803
1 0 1 3 682
1 0 1 2 616
1 0 1 3 660
1 0 1 3 680
1 0 1 2 561
1 0 1 2 817
1 0 1 3 652
1 0 1 3 676
1 0 1 3 820
1 0 1 3 837
1 0 1 2 518
1 0 1 3 904
1 0 1 2 532
1 0 1 3 642
1 0 1 3 699
1 0 1 3 870
1 0 1 3 687
1 0 1 3 748
1 0 1 3 721
1 0 1 3 761
1 0 1 3 750
1 0 1 3 819
1 0 1 3 786
1 0 1 3 728
2 0 0 0 575
2 0 0 0 546
2 0 0 0 788
2 0 0 1 1159
2 0 0 1 727
2 0 0 0 566
2 0 0 0 590
2 0 0 0 848
2 0 0 0 578
2 0 0 0 678
2 0 0 0 710
2 0 0 0 588
2 0 0 0 589
2 0 0 0 746
2 0 0 0 970
2 0 0 0 511
2 0 0 0 696
2 0 0 0 628
2 0 0 1 676
2 0 0 0 983
2 0 0 0 779
2 0 0 0 772
2 0 0 1 547
2 0 0 1 591
2 0 0 0 1123
2 0 0 0 578
2 0 0 1 915
2 0 0 0 678
2 0 0 0 656
2 0 0 0 690
2 0 1 3 619
2 0 1 3 636
2 0 1 3 715
2 0 1 3 939
2 0 1 3 904
2 0 1 3 555
2 0 1 3 651
2 0 1 3 811
2 0 1 3 562
2 0 1 3 592
2 0 1 3 552
2 0 1 3 782
2 0 1 3 648
2 0 1 2 585
2 0 1 3 482
2 0 1 2 1180
2 0 1 3 495
2 0 1 3 597
2 0 1 3 704
2 0 1 3 887
2 0 1 3 540
2 0 1 3 792
2 0 1 3 478
2 0 1 3 712
2 0 1 2 894
2 0 1 3 563
2 0 1 3 630
2 0 1 3 541
2 0 1 3 567
2 0 1 3 746
3 0 0 0 722
3 0 0 1 415
3 0 0 0 859
3 0 0 0 823
3 0 0 0 618
3 0 0 0 684
3 0 0 0 635
3 0 0 1 435
3 0 0 0 690
3 0 0 0 725
3 0 0 0 817
3 0 0 1 761
3 0 0 0 675
3 0 0 0 653
3 0 0 0 773
3 0 0 0 695
3 0 0 0 697
3 0 0 0 682
3 0 0 0 838
3 0 0 0 716
3 0 0 0 723
3 0 0 1 848
3 0 0 0 771
3 0 0 0 759
3 0 0 0 733
3 0 0 0 688
3 0 0 0 638
3 0 0 0 641
3 0 0 1 780
3 0 0 0 809
3 0 1 3 601
3 0 1 3 341
3 0 1 3 530
3 0 1 2 895
3 0 1 3 712
3 0 1 2 793
3 0 1 3 363
3 0 1 3 508
3 0 1 3 380
3 0 1 3 636
3 0 1 3 315
3 0 1 3 429
3 0 1 3 618
3 0 1 3 274
3 0 1 3 552
3 0 1 3 395
3 0 1 3 282
3 0 1 3 301
3 0 1 3 308
3 0 1 2 1232
3 0 1 3 473
3 0 1 3 512
3 0 1 3 549
3 0 1 3 433
3 0 1 3 642
3 0 1 3 296
3 0 1 3 577
3 0 1 3 627
3 0 1 2 881
3 0 1 3 385
4 0 0 0 554
4 0 0 1 651
4 0 0 0 435
4 0 0 0 551
4 0 0 0 642
4 0 0 0 598
4 0 0 0 511
4 0 0 0 598
4 0 0 0 619
4 0 0 0 507
4 0 0 0 582
4 0 0 0 561
4 0 0 0 550
4 0 0 0 675
4 0 0 1 683
4 0 0 0 670
4 0 0 1 799
4 0 0 0 684
4 0 0 0 515
4 0 0 0 546
4 0 0 0 555
4 0 0 0 510
4 0 0 0 557
4 0 0 0 804
4 0 0 0 566
4 0 0 0 1061
4 0 0 0 479
4 0 0 0 456
4 0 0 0 533
4 0 0 0 574
4 0 1 3 751
4 0 1 3 828
4 0 1 2 708
4 0 1 3 589
4 0 1 3 852
4 0 1 3 617
4 0 1 3 906
4 0 1 3 649
4 0 1 3 887
4 0 1 2 677
4 0 1 2 583
4 0 1 3 752
4 0 1 2 593
4 0 1 3 977
4 0 1 3 605
4 0 1 3 536
4 0 1 2 680
4 0 1 3 945
4 0 1 3 571
4 0 1 3 866
4 0 1 3 697
4 0 1 3 679
4 0 1 2 645
4 0 1 3 621
4 0 1 3 568
4 0 1 3 626
4 0 1 3 593
4 0 1 3 820
4 0 1 3 746
4 0 1 3 555
5 0 0 0 694
5 0 0 0 1066
5 0 0 1 852
5 0 0 0 596
5 0 0 1 758
5 0 0 0 818
5 0 0 0 613
5 0 0 1 1241
5 0 0 0 613
5 0 0 0 600
5 0 0 0 993
5 0 0 0 624
5 0 0 1 798
5 0 0 0 635
5 0 0 1 917
5 0 0 0 731
5 0 0 0 617
5 0 0 0 612
5 0 0 0 691
5 0 0 0 555
5 0 0 0 624
5 0 0 0 570
5 0 0 1 808
5 0 0 0 657
5 0 0 1 1425
5 0 0 1 949
5 0 0 0 687
5 0 0 0 581
5 0 0 0 777
5 0 0 0 620
5 0 1 3 724
5 0 1 3 1166
5 0 1 3 593
5 0 1 3 820
5 0 1 3 761
5 0 1 3 1151
5 0 1 2 747
5 0 1 3 771
5 0 1 3 738
5 0 1 3 889
5 0 1 3 803
5 0 1 3 1015
5 0 1 3 620
5 0 1 3 811
5 0 1 2 926
5 0 1 3 615
5 0 1 3 735
5 0 1 3 680
5 0 1 3 632
5 0 1 3 869
5 0 1 3 547
5 0 1 3 777
5 0 1 3 775
5 0 1 3 651
5 0 1 3 895
5 0 1 3 972
5 0 1 3 732
5 0 1 3 711
5 0 1 3 632
5 0 1 3 810
6 0 0 0 647
6 0 0 1 1409
6 0 0 0 707
6 0 0 1 884
6 0 0 0 582
6 0 0 0 747
6 0 0 1 943
6 0 0 0 510
6 0 0 0 509
6 0 0 0 635
6 0 0 1 912
6 0 0 0 591
6 0 0 1 1054
6 0 0 0 748
6 0 0 0 804
6 0 0 1 989
6 0 0 0 488
6 0 0 0 408
6 0 0 0 652
6 0 0 0 776
6 0 0 0 366
6 0 0 0 769
6 0 0 0 886
6 0 0 0 795
6 0 0 0 445
6 0 0 0 464
6 0 0 1 896
6 0 0 1 795
6 0 0 0 676
6 0 0 0 458
6 0 1 2 575
6 0 1 3 1019
6 0 1 3 707
6 0 1 2 576
6 0 1 3 953
6 0 1 3 760
6 0 1 2 1050
6 0 1 3 1650
6 0 1 3 996
6 0 1 3 1234
6 0 1 3 838
6 0 1 2 866
6 0 1 2 874
6 0 1 3 857
6 0 1 2 692
6 0 1 3 867
6 0 1 3 985
6 0 1 2 521
6 0 1 3 983
6 0 1 3 1031
6 0 1 3 885
6 0 1 3 761
6 0 1 2 871
6 0 1 2 546
6 0 1 3 722
6 0 1 3 1021
6 0 1 3 775
6 0 1 3 879
6 0 1 2 580
6 0 1 3 995
7 0 0 0 597
7 0 0 0 490
7 0 0 0 550
7 0 0 0 599
7 0 0 0 581
7 0 0 0 480
7 0 0 0 467
7 0 0 0 760
7 0 0 0 509
7 0 0 1 685
7 0 0 0 459
7 0 0 1 922
7 0 0 0 506
7 0 0 0 493
7 0 0 0 482
7 0 0 0 479
7 0 0 0 455
7 0 0 0 494
7 0 0 0 610
7 0 0 0 615
7 0 0 0 454
7 0 0 0 522
7 0 0 0 582
7 0 0 1 995
7 0 0 0 921
7 0 0 0 600
7 0 0 1 649
7 0 0 0 490
7 0 0 1 649
7 0 0 0 460
7 0 1 2 626
7 0 1 3 832
7 0 1 3 717
7 0 1 3 1180
7 0 1 3 674
7 0 1 3 695
7 0 1 3 809
7 0 1 3 574
7 0 1 2 901
7 0 1 3 703
7 0 1 3 645
7 0 1 2 620
7 0 1 2 431
7 0 1 2 461
7 0 1 3 547
7 0 1 2 799
7 0 1 3 663
7 0 1 3 585
7 0 1 2 664
7 0 1 3 645
7 0 1 2 695
7 0 1 3 816
7 0 1 3 855
7 0 1 2 679
7 0 1 3 977
7 0 1 2 710
7 0 1 3 856
7 0 1 3 1301
7 0 1 2 643
7 0 1 2 469
8 0 0 0 789
8 0 0 1 742
8 0 0 0 594
8 0 0 0 388
8 0 0 1 830
8 0 0 1 1079
8 0 0 0 612
8 0 0 0 407
8 0 0 0 674
8 0 0 0 353
8 0 0 0 539
8 0 0 0 403
8 0 0 0 411
8 0 0 1 1339
8 0 0 0 336
8 0 0 0 481
8 0 0 0 376
8 0 0 0 657
8 0 0 0 694
8 0 0 1 877
8 0 0 0 541
8 0 0 0 339
8 0 0 1 782
8 0 0 0 1165
8 0 0 0 488
8 0 0 0 370
8 0 0 0 341
8 0 0 0 357
8 0 0 0 449
8 0 0 0 457
8 0 1 2 291
8 0 1 3 642
8 0 1 3 685
8 0 1 3 781
8 0 1 2 482
8 0 1 2 884
8 0 1 2 505
8 0 1 3 876
8 0 1 2 588
8 0 1 3 579
8 0 1 2 653
8 0 1 3 965
8 0 1 3 684
8 0 1 2 916
8 0 1 3 826
8 0 1 3 669
8 0 1 3 722
8 0 1 3 684
8 0 1 2 633
8 0 1 3 847
8 0 1 3 751
8 0 1 2 415
8 0 1 3 838
8 0 1 3 679
8 0 1 2 676
8 0 1 3 960
8 0 1 2 729
8 0 1 3 1069
8 0 1 3 830
8 0 1 3 737
9 0 0 0 803
9 0 0 1 988
9 0 0 1 852
9 0 0 0 530
9 0 0 0 605
9 0 0 1 1422
9 0 0 0 589
9 0 0 0 670
9 0 0 1 872
9 0 0 0 459
9 0 0 0 587
9 0 0 1 1004
9 0 0 1 757
9 0 0 0 1124
9 0 0 0 557
9 0 0 0 591
9 0 0 1 1033
9 0 0 1 867
9 0 0 1 879
9 0 0 0 562
9 0 0 1 801
9 0 0 0 536
9 0 0 0 576
9 0 0 0 637
9 0 0 0 671
9 0 0 0 534
9 0 0 1 631
9 0 0 0 755
9 0 0 0 651
9 0 0 0 592
9 0 1 2 859
9 0 1 3 639
9 0 1 3 789
9 0 1 3 737
9 0 1 2 665
9 0 1 3 885
9 0 1 2 733
9 0 1 3 612
9 0 1 3 887
9 0 1 2 907
9 0 1 2 666
9 0 1 3 1058
9 0 1 3 916
9 0 1 3 805
9 0 1 3 611
9 0 1 3 813
9 0 1 2 674
9 0 1 2 680
9 0 1 2 815
9 0 1 2 663
9 0 1 3 1373
9 0 1 3 1078
9 0 1 2 685
9 0 1 3 570
9 0 1 3 777
9 0 1 2 683
9 0 1 3 634
9 0 1 3 618
9 0 1 3 756
9 0 1 2 674
10 0 0 1 882
10 0 0 0 513
10 0 0 1 805
10 0 0 0 476
10 0 0 0 423
10 0 0 0 676
10 0 0 0 432
10 0 0 0 397
10 0 0 0 657
10 0 0 0 647
10 0 0 0 558
10 0 0 0 632
10 0 0 0 533
10 0 0 0 519
10 0 0 0 517
10 0 0 0 400
10 0 0 0 577
10 0 0 1 781
10 0 0 0 621
10 0 0 0 620
10 0 0 0 445
10 0 0 0 530
10 0 0 0 585
10 0 0 0 614
10 0 0 0 433
10 0 0 1 886
10 0 0 1 1557
10 0 0 1 791
10 0 0 1 763
10 0 0 0 505
10 0 1 3 871
10 0 1 3 1701
10 0 1 2 456
10 0 1 2 484
10 0 1 3 1228
10 0 1 3 696
10 0 1 3 790
10 0 1 3 1435
10 0 1 3 717
10 0 1 2 559
10 0 1 3 1095
10 0 1 2 501
10 0 1 2 478
10 0 1 3 763
10 0 1 2 1289
10 0 1 3 828
10 0 1 3 840
10 0 1 3 627
10 0 1 3 766
10 0 1 3 841
10 0 1 2 702
10 0 1 2 644
10 0 1 3 674
10 0 1 3 936
10 0 1 3 1158
10 0 1 2 1130
10 0 1 3 739
10 0 1 3 781
10 0 1 3 811
10 0 1 3 665
11 0 0 0 658
11 0 0 0 519
11 0 0 0 557
11 0 0 0 527
11 0 0 0 563
11 0 0 0 916
11 0 0 0 613
11 0 0 0 653
11 0 0 0 548
11 0 0 0 638
11 0 0 1 952
11 0 0 1 768
11 0 0 0 583
11 0 0 0 620
11 0 0 0 710
11 0 0 0 942
11 0 0 0 540
11 0 0 0 437
11 0 0 0 473
11 0 0 0 574
11 0 0 0 609
11 0 0 0 535
11 0 0 0 535
11 0 0 0 568
11 0 0 0 512
11 0 0 1 767
11 0 0 0 549
11 0 0 1 1099
11 0 0 0 478
11 0 0 0 547
11 0 1 2 760
11 0 1 3 869
11 0 1 2 929
11 0 1 2 859
11 0 1 3 595
11 0 1 2 576
11 0 1 3 894
11 0 1 3 936
11 0 1 2 811
11 0 1 3 743
11 0 1 3 1083
11 0 1 2 801
11 0 1 3 973
11 0 1 3 913
11 0 1 3 829
11 0 1 3 657
11 0 1 2 974
11 0 1 3 846
11 0 1 3 947
11 0 1 3 621
11 0 1 2 825
11 0 1 3 828
11 0 1 2 669
11 0 1 3 807
11 0 1 3 746
11 0 1 3 868
11 0 1 3 754
11 0 1 3 715
11 0 1 3 688
11 0 1 3 762
12 0 0 0 607
12 0 0 0 767
12 0 0 0 658
12 0 0 1 517
12 0 0 0 863
12 0 0 0 688
12 0 0 1 751
12 0 0 1 828
12 0 0 0 948
12 0 0 0 573
12 0 0 1 546
12 0 0 0 810
12 0 0 0 918
12 0 0 0 749
12 0 0 0 704
12 0 0 0 908
12 0 0 0 782
12 0 0 0 668
12 0 0 0 651
12 0 0 0 594
12 0 0 0 616
12 0 0 0 880
12 0 0 0 1149
12 0 0 0 1413
12 0 0 0 602
12 0 0 0 805
12 0 0 1 689
12 0 0 0 637
12 0 0 1 689
12 0 0 0 665
12 0 1 3 404
12 0 1 3 450
12 0 1 2 773
12 0 1 2 753
12 0 1 2 666
12 0 1 2 822
12 0 1 3 575
12 0 1 3 390
12 0 1 3 395
12 0 1 3 501
12 0 1 3 436
12 0 1 2 900
12 0 1 3 539
12 0 1 3 548
12 0 1 3 455
12 0 1 3 364
12 0 1 3 409
12 0 1 3 739
12 0 1 3 766
12 0 1 3 450
12 0 1 3 663
12 0 1 3 448
12 0 1 2 612
12 0 1 3 552
12 0 1 3 462
12 0 1 3 707
12 0 1 3 406
12 0 1 2 603
12 0 1 3 394
12 0 1 3 425
13 0 0 1 1771
13 0 0 0 540
13 0 0 0 675
13 0 0 0 1010
13 0 0 0 539
13 0 0 0 401
13 0 0 0 462
13 0 0 0 709
13 0 0 0 796
13 0 0 0 596
13 0 0 1 923
13 0 0 0 371
13 0 0 0 377
13 0 0 0 433
13 0 0 1 1250
13 0 0 0 357
13 0 0 1 960
13 0 0 1 1246
13 0 0 0 437
13 0 0 0 414
13 0 0 0 576
13 0 0 0 540
13 0 0 0 443
13 0 0 0 541
13 0 0 0 735
13 0 0 0 478
13 0 0 0 412
13 0 0 0 456
13 0 0 0 548
13 0 0 1 1550
13 0 1 3 1075
13 0 1 3 1040
13 0 1 3 832
13 0 1 3 819
13 0 1 3 801
13 0 1 2 512
13 0 1 3 1100
13 0 1 3 1127
13 0 1 3 824
13 0 1 2 603
13 0 1 3 950
13 0 1 3 750
13 0 1 3 708
13 0 1 2 584
13 0 1 3 949
13 0 1 2 432
13 0 1 2 410
13 0 1 2 480
13 0 1 3 838
13 0 1 2 452
13 0 1 2 654
13 0 1 2 519
13 0 1 3 767
13 0 1 3 1057
13 0 1 3 1005
13 0 1 2 556
13 0 1 3 854
13 0 1 3 776
13 0 1 3 771
13 0 1 3 1078
14 0 0 1 854
14 0 0 0 406
14 0 0 0 314
14 0 0 0 310
14 0 0 0 628
14 0 0 0 328
14 0 0 0 642
14 0 0 0 562
14 0 0 0 503
14 0 0 1 850
14 0 0 0 843
14 0 0 0 377
14 0 0 0 521
14 0 0 0 442
14 0 0 0 401
14 0 0 0 458
14 0 0 0 949
14 0 0 0 523
14 0 0 0 389
14 0 0 0 320
14 0 0 0 598
14 0 0 1 920
14 0 0 0 334
14 0 0 0 347
14 0 0 0 286
14 0 0 0 461
14 0 0 0 391
14 0 0 0 442
14 0 0 0 568
14 0 0 1 975
14 0 1 3 806
14 0 1 3 970
14 0 1 3 1343
14 0 1 3 1057
14 0 1 3 1039
14 0 1 3 967
14 0 1 3 890
14 0 1 3 905
14 0 1 3 1105
14 0 1 3 1130
14 0 1 3 762
14 0 1 2 493
14 0 1 3 821
14 0 1 3 806
14 0 1 3 825
14 0 1 3 898
14 0 1 3 929
14 0 1 3 910
14 0 1 3 1286
14 0 1 2 474
14 0 1 2 601
14 0 1 2 686
14 0 1 3 845
14 0 1 2 1090
14 0 1 2 425
14 0 1 3 1233
14 0 1 3 767
14 0 1 3 913
14 0 1 2 789
14 0 1 3 817
15 0 0 0 571
15 0 0 0 553
15 0 0 0 746
15 0 0 0 875
15 0 0 0 613
15 0 0 0 552
15 0 0 0 627
15 0 0 0 686
15 0 0 0 573
15 0 0 1 803
15 0 0 1 848
15 0 0 0 717
15 0 0 0 554
15 0 0 0 594
15 0 0 1 900
15 0 0 0 793
15 0 0 0 672
15 0 0 0 568
15 0 0 0 826
15 0 0 1 585
15 0 0 0 645
15 0 0 0 580
15 0 0 0 523
15 0 0 0 868
15 0 0 0 838
15 0 0 0 637
15 0 0 0 639
15 0 0 1 596
15 0 0 0 524
15 0 0 0 595
15 0 1 3 672
15 0 1 3 653
15 0 1 3 655
15 0 1 2 756
15 0 1 3 683
15 0 1 3 655
15 0 1 2 885
15 0 1 2 1228
15 0 1 2 917
15 0 1 3 910
15 0 1 2 805
15 0 1 3 581
15 0 1 3 747
15 0 1 3 594
15 0 1 2 694
15 0 1 3 660
15 0 1 3 640
15 0 1 3 623
15 0 1 3 614
15 0 1 3 593
15 0 1 3 1325
15 0 1 2 788
15 0 1 2 615
15 0 1 2 670
15 0 1 3 1086
15 0 1 2 664
15 0 1 2 589
15 0 1 2 581
15 0 1 3 685
15 0 1 3 875
16 0 0 0 557
16 0 0 1 1634
16 0 0 1 949
16 0 0 1 958
16 0 0 1 881
16 0 0 0 703
16 0 0 0 646
16 0 0 0 715
16 0 0 0 485
16 0 0 0 575
16 0 0 0 687
16 0 0 0 501
16 0 0 0 597
16 0 0 0 592
16 0 0 0 541
16 0 0 0 488
16 0 0 0 406
16 0 0 0 810
16 0 0 0 571
16 0 0 0 1139
16 0 0 1 767
16 0 0 0 506
16 0 0 0 717
16 0 0 0 474
16 0 0 1 990
16 0 0 0 512
16 0 0 0 484
16 0 0 0 542
16 0 0 0 640
16 0 0 0 709
16 0 1 3 755
16 0 1 3 836
16 0 1 3 760
16 0 1 3 681
16 0 1 2 600
16 0 1 3 709
16 0 1 3 1049
16 0 1 3 1015
16 0 1 3 868
16 0 1 3 749
16 0 1 3 637
16 0 1 3 769
16 0 1 3 1086
16 0 1 3 1144
16 0 1 3 706
16 0 1 2 530
16 0 1 2 601
16 0 1 3 1164
16 0 1 3 845
16 0 1 3 830
16 0 1 3 727
16 0 1 3 771
16 0 1 3 940
16 0 1 2 635
16 0 1 3 750
16 0 1 3 1017
16 0 1 3 739
16 0 1 3 730
16 0 1 3 842
16 0 1 3 751
17 0 0 1 1223
17 0 0 1 840
17 0 0 1 856
17 0 0 0 492
17 0 0 0 550
17 0 0 1 659
17 0 0 0 522
17 0 0 0 651
17 0 0 0 345
17 0 0 0 529
17 0 0 0 613
17 0 0 0 524
17 0 0 1 814
17 0 0 0 680
17 0 0 0 790
17 0 0 0 549
17 0 0 0 482
17 0 0 0 730
17 0 0 0 454
17 0 0 1 872
17 0 0 0 619
17 0 0 0 391
17 0 0 0 789
17 0 0 1 1056
17 0 0 1 871
17 0 0 0 703
17 0 0 0 483
17 0 0 0 585
17 0 0 0 656
17 0 0 0 602
17 0 1 3 742
17 0 1 3 872
17 0 1 3 734
17 0 1 3 734
17 0 1 3 721
17 0 1 2 930
17 0 1 3 828
17 0 1 3 777
17 0 1 3 690
17 0 1 3 910
17 0 1 3 1057
17 0 1 3 966
17 0 1 3 816
17 0 1 3 828
17 0 1 2 612
17 0 1 3 710
17 0 1 3 800
17 0 1 3 1182
17 0 1 3 1166
17 0 1 3 895
17 0 1 2 605
17 0 1 3 742
17 0 1 3 856
17 0 1 3 630
17 0 1 3 729
17 0 1 3 878
17 0 1 2 589
17 0 1 3 756
17 0 1 3 915
17 0 1 3 871
18 0 0 0 535
18 0 0 0 508
18 0 0 0 1007
18 0 0 0 517
18 0 0 0 523
18 0 0 0 508
18 0 0 0 862
18 0 0 0 620
18 0 0 0 511
18 0 0 0 760
18 0 0 0 816
18 0 0 0 570
18 0 0 0 547
18 0 0 1 985
18 0 0 0 652
18 0 0 1 1150
18 0 0 0 680
18 0 0 0 773
18 0 0 0 656
18 0 0 0 644
18 0 0 0 848
18 0 0 0 608
18 0 0 0 536
18 0 0 0 590
18 0 0 0 897
18 0 0 0 497
18 0 0 0 838
18 0 0 0 689
18 0 0 0 565
18 0 0 1 765
18 0 1 2 756
18 0 1 3 661
18 0 1 3 489
18 0 1 3 581
18 0 1 2 680
18 0 1 3 691
18 0 1 3 745
18 0 1 3 1097
18 0 1 2 579
18 0 1 3 1167
18 0 1 3 574
18 0 1 3 611
18 0 1 3 510
18 0 1 3 959
18 0 1 3 529
18 0 1 3 985
18 0 1 2 682
18 0 1 2 603
18 0 1 2 525
18 0 1 3 538
18 0 1 3 689
18 0 1 3 459
18 0 1 3 685
18 0 1 2 715
18 0 1 3 515
18 0 1 3 728
18 0 1 3 764
18 0 1 3 739
18 0 1 3 1222
18 0 1 2 605
19 0 0 0 930
19 0 0 0 539
19 0 0 0 716
19 0 0 0 674
19 0 0 0 635
19 0 0 1 727
19 0 0 0 665
19 0 0 1 770
19 0 0 0 1362
19 0 0 0 882
19 0 0 0 777
19 0 0 0 669
19 0 0 1 644
19 0 0 0 688
19 0 0 0 1645
19 0 0 0 621
19 0 0 0 863
19 0 0 0 2065
19 0 0 0 531
19 0 0 1 1324
19 0 0 0 1960
19 0 0 0 618
19 0 0 1 941
19 0 0 0 986
19 0 0 1 911
19 0 0 0 640
19 0 0 0 630
19 0 0 1 1091
19 0 0 0 1285
19 0 0 0 581
19 0 1 3 1100
19 0 1 3 570
19 0 1 3 572
19 0 1 3 815
19 0 1 2 843
19 0 1 3 740
19 0 1 3 452
19 0 1 3 506
19 0 1 3 845
19 0 1 3 698
19 0 1 3 888
19 0 1 2 758
19 0 1 3 739
19 0 1 3 992
19 0 1 3 696
19 0 1 3 831
19 0 1 3 620
19 0 1 3 554
19 0 1 3 646
19 0 1 2 1085
19 0 1 2 1050
19 0 1 2 1049
19 0 1 3 476
19 0 1 2 602
19 0 1 3 545
19 0 1 2 875
19 0 1 3 703
19 0 1 3 1244
19 0 1 3 644
19 0 1 3 691
20 0 0 0 461
20 0 0 0 550
20 0 0 0 551
20 0 0 1 919
20 0 0 0 548
20 0 0 0 741
20 0 0 0 473
20 0 0 0 599
20 0 0 0 667
20 0 0 1 772
20 0 0 0 642
20 0 0 1 1203
20 0 0 0 984
20 0 0 1 1093
20 0 0 0 501
20 0 0 0 411
20 0 0 1 1088
20 0 0 1 1117
20 0 0 1 1517
20 0 0 1 947
20 0 0 1 917
20 0 0 0 653
20 0 0 0 497
20 0 0 0 603
20 0 0 1 876
20 0 0 1 957
20 0 0 0 474
20 0 0 0 448
20 0 0 1 1001
20 0 0 0 561
20 0 1 3 794
20 0 1 3 851
20 0 1 3 982
20 0 1 3 834
20 0 1 3 994
20 0 1 3 749
20 0 1 3 944
20 0 1 3 1191
20 0 1 3 766
20 0 1 3 1075
20 0 1 3 1211
20 0 1 3 1080
20 0 1 2 599
20 0 1 2 804
20 0 1 3 922
20 0 1 3 1407
20 0 1 3 743
20 0 1 3 695
20 0 1 3 723
20 0 1 3 832
20 0 1 2 488
20 0 1 3 1553
20 0 1 3 863
20 0 1 3 888
20 0 1 3 764
20 0 1 3 1002
20 0 1 3 1013
20 0 1 3 1552
20 0 1 2 545
20 0 1 3 1007
21 0 0 1 1147
21 0 0 0 502
21 0 0 0 879
21 0 0 0 629
21 0 0 0 478
21 0 0 0 559
21 0 0 0 553
21 0 0 0 491
21 0 0 0 784
21 0 0 0 585
21 0 0 0 490
21 0 0 1 943
21 0 0 0 501
21 0 0 0 646
21 0 0 1 1134
21 0 0 0 428
21 0 0 0 514
21 0 0 0 567
21 0 0 0 622
21 0 0 0 507
21 0 0 1 841
21 0 0 1 1000
21 0 0 0 880
21 0 0 0 501
21 0 0 1 1045
21 0 0 0 601
21 0 0 1 772
21 0 0 0 625
21 0 0 1 1124
21 0 0 0 503
21 0 1 2 490
21 0 1 3 731
21 0 1 3 1235
21 0 1 3 709
21 0 1 2 523
21 0 1 3 1131
21 0 1 3 969
21 0 1 3 729
21 0 1 3 891
21 0 1 3 724
21 0 1 3 861
21 0 1 3 694
21 0 1 3 647
21 0 1 3 830
21 0 1 2 671
21 0 1 3 1086
21 0 1 3 834
21 0 1 3 604
21 0 1 3 924
21 0 1 3 743
21 0 1 2 912
21 0 1 2 762
21 0 1 3 1053
21 0 1 3 749
21 0 1 3 817
21 0 1 2 509
21 0 1 3 1138
21 0 1 3 722
21 0 1 3 719
21 0 1 2 690
22 0 0 1 1266
22 0 0 0 375
22 0 0 1 821
22 0 0 1 984
22 0 0 0 680
22 0 0 1 901
22 0 0 1 1119
22 0 0 1 1163
22 0 0 0 513
22 0 0 1 865
22 0 0 0 552
22 0 0 0 611
22 0 0 0 462
22 0 0 0 536
22 0 0 1 835
22 0 0 0 819
22 0 0 0 455
22 0 0 0 433
22 0 0 0 443
22 0 0 0 374
22 0 0 0 434
22 0 0 0 383
22 0 0 0 617
22 0 0 0 389
22 0 0 0 368
22 0 0 0 358
22 0 0 0 539
22 0 0 0 538
22 0 0 0 499
22 0 0 0 677
22 0 1 3 1105
22 0 1 3 1000
22 0 1 3 1638
22 0 1 3 742
22 0 1 3 1038
22 0 1 2 721
22 0 1 3 820
22 0 1 3 768
22 0 1 2 534
22 0 1 3 1188
22 0 1 3 948
22 0 1 3 807
22 0 1 3 717
22 0 1 3 775
22 0 1 3 868
22 0 1 3 783
22 0 1 2 435
22 0 1 3 684
22 0 1 3 718
22 0 1 3 915
22 0 1 2 425
22 0 1 2 447
22 0 1 3 749
22 0 1 2 478
22 0 1 3 766
22 0 1 3 1160
22 0 1 2 590
22 0 1 3 875
22 0 1 3 1031
22 0 1 2 752
23 0 0 0 685
23 0 0 0 424
23 0 0 1 839
23 0 0 0 882
23 0 0 0 713
23 0 0 0 351
23 0 0 0 661
23 0 0 0 743
23 0 0 0 692
23 0 0 0 625
23 0 0 0 991
23 0 0 1 1180
23 0 0 0 462
23 0 0 1 909
23 0 0 0 674
23 0 0 0 531
23 0 0 0 623
23 0 0 0 684
23 0 0 0 497
23 0 0 0 527
23 0 0 1 921
23 0 0 0 418
23 0 0 0 915
23 0 0 0 479
23 0 0 1 1084
23 0 0 0 561
23 0 0 0 444
23 0 0 1 1339
23 0 0 0 508
23 0 0 0 543
23 0 1 3 708
23 0 1 3 886
23 0 1 3 859
23 0 1 3 777
23 0 1 3 820
23 0 1 3 1368
23 0 1 2 661
23 0 1 3 1057
23 0 1 3 1316
23 0 1 3 767
23 0 1 3 931
23 0 1 2 514
23 0 1 3 915
23 0 1 3 858
23 0 1 2 688
23 0 1 3 1439
23 0 1 3 918
23 0 1 3 1599
23 0 1 3 966
23 0 1 3 1032
23 0 1 3 1048
23 0 1 3 862
23 0 1 3 951
23 0 1 2 602
23 0 1 3 1072
23 0 1 3 1028
23 0 1 2 754
23 0 1 3 800
23 0 1 3 1082
23 0 1 3 883
24 0 0 1 874
24 0 0 0 440
24 0 0 1 791
24 0 0 0 695
24 0 0 0 617
24 0 0 0 616
24 0 0 1 1010
24 0 0 1 947
24 0 0 0 526
24 0 0 0 467
24 0 0 0 582
24 0 0 1 685
24 0 0 0 523
24 0 0 0 516
24 0 0 1 714
24 0 0 0 609
24 0 0 0 576
24 0 0 1 707
24 0 0 0 527
24 0 0 1 647
24 0 0 0 614
24 0 0 0 473
24 0 0 0 806
24 0 0 0 447
24 0 0 1 911
24 0 0 0 482
24 0 0 0 519
24 0 0 0 551
24 0 0 0 592
24 0 0 0 494
24 0 1 3 714
24 0 1 3 1199
24 0 1 3 733
24 0 1 2 1136
24 0 1 3 997
24 0 1 3 820
24 0 1 3 706
24 0 1 2 678
24 0 1 3 617
24 0 1 3 678
24 0 1 3 676
24 0 1 2 1220
24 0 1 3 672
24 0 1 2 533
24 0 1 3 760
24 0 1 2 792
24 0 1 3 730
24 0 1 2 716
24 0 1 3 688
24 0 1 3 777
24 0 1 3 645
24 0 1 2 775
24 0 1 3 640
24 0 1 2 511
24 0 1 3 582
24 0 1 3 748
24 0 1 3 667
24 0 1 2 726
24 0 1 3 626
24 0 1 3 733
25 0 0 1 1330
25 0 0 1 1321
25 0 0 0 881
25 0 0 0 638
25 0 0 1 1307
25 0 0 1 944
25 0 0 0 588
25 0 0 0 963
25 0 0 1 772
25 0 0 1 1313
25 0 0 1 1376
25 0 0 0 838
25 0 0 0 553
25 0 0 0 708
25 0 0 0 489
25 0 0 1 1449
25 0 0 1 1572
25 0 0 0 938
25 0 0 0 804
25 0 0 0 352
25 0 0 0 403
25 0 0 0 547
25 0 0 0 412
25 0 0 0 552
25 0 0 0 533
25 0 0 0 1825
25 0 0 1 1453
25 0 0 0 826
25 0 0 0 746
25 0 0 0 448
25 0 1 2 700
25 0 1 3 539
25 0 1 3 553
25 0 1 3 815
25 0 1 2 717
25 0 1 3 946
25 0 1 3 791
25 0 1 3 715
25 0 1 3 875
25 0 1 3 930
25 0 1 3 893
25 0 1 3 1987
25 0 1 2 697
25 0 1 2 1136
25 0 1 3 771
25 0 1 3 736
25 0 1 3 859
25 0 1 2 934
25 0 1 3 718
25 0 1 3 586
25 0 1 3 828
25 0 1 2 578
25 0 1 3 1177
25 0 1 3 903
25 0 1 3 831
25 0 1 3 1001
25 0 1 2 710
25 0 1 3 1133
25 0 1 3 629
25 0 1 3 843
26 0 0 0 551
26 0 0 0 442
26 0 0 0 678
26 0 0 1 817
26 0 0 0 576
26 0 0 0 634
26 0 0 0 413
26 0 0 0 443
26 0 0 1 858
26 0 0 0 688
26 0 0 0 476
26 0 0 0 403
26 0 0 0 424
26 0 0 0 497
26 0 0 0 597
26 0 0 0 501
26 0 0 0 575
26 0 0 1 627
26 0 0 0 572
26 0 0 0 477
26 0 0 1 1106
26 0 0 0 927
26 0 0 0 573
26 0 0 1 944
26 0 0 0 595
26 0 0 1 678
26 0 0 0 544
26 0 0 0 873
26 0 0 1 1076
26 0 0 0 737
26 0 1 3 649
26 0 1 3 629
26 0 1 3 616
26 0 1 3 938
26 0 1 3 634
26 0 1 3 594
26 0 1 3 903
26 0 1 3 836
26 0 1 3 694
26 0 1 3 895
26 0 1 3 604
26 0 1 3 562
26 0 1 3 785
26 0 1 3 649
26 0 1 3 968
26 0 1 3 707
26 0 1 3 643
26 0 1 3 681
26 0 1 3 912
26 0 1 2 591
26 0 1 3 653
26 0 1 3 634
26 0 1 2 578
26 0 1 3 763
26 0 1 3 761
26 0 1 2 531
26 0 1 3 656
26 0 1 3 600
26 0 1 2 910
26 0 1 2 431
27 0 0 0 469
27 0 0 0 537
27 0 0 0 505
27 0 0 0 635
27 0 0 0 451
27 0 0 0 616
27 0 0 0 259
27 0 0 0 698
27 0 0 0 433
27 0 0 0 430
27 0 0 0 738
27 0 0 0 756
27 0 0 1 614
27 0 0 0 547
27 0 0 0 469
27 0 0 1 649
27 0 0 0 723
27 0 0 0 478
27 0 0 0 437
27 0 0 0 418
27 0 0 0 516
27 0 0 0 778
27 0 0 0 385
27 0 0 0 562
27 0 0 0 570
27 0 0 0 509
27 0 0 0 817
27 0 0 0 413
27 0 0 0 454
27 0 0 0 470
27 0 1 3 904
27 0 1 2 621
27 0 1 3 816
27 0 1 3 639
27 0 1 3 550
27 0 1 3 966
27 0 1 3 577
27 0 1 3 1251
27 0 1 3 457
27 0 1 2 855
27 0 1 3 695
27 0 1 3 540
27 0 1 2 824
27 0 1 3 747
27 0 1 3 791
27 0 1 3 791
27 0 1 3 578
27 0 1 2 462
27 0 1 3 769
27 0 1 3 486
27 0 1 2 477
27 0 1 3 676
27 0 1 3 855
27 0 1 3 587
27 0 1 2 438
27 0 1 2 508
27 0 1 3 659
27 0 1 3 729
27 0 1 2 569
27 0 1 3 710
28 0 0 0 637
28 0 0 0 698
28 0 0 0 581
28 0 0 0 900
28 0 0 0 552
28 0 0 0 487
28 0 0 1 600
28 0 0 0 724
28 0 0 0 717
28 0 0 0 816
28 0 0 0 681
28 0 0 0 770
28 0 0 1 487
28 0 0 0 662
28 0 0 0 749
28 0 0 0 663
28 0 0 0 1204
28 0 0 1 473
28 0 0 0 638
28 0 0 1 1027
28 0 0 0 619
28 0 0 0 759
28 0 0 0 614
28 0 0 0 662
28 0 0 0 804
28 0 0 1 643
28 0 0 0 789
28 0 0 0 814
28 0 0 0 878
28 0 0 0 821
28 0 1 2 876
28 0 1 3 749
28 0 1 3 1047
28 0 1 2 753
28 0 1 2 905
28 0 1 3 478
28 0 1 3 395
28 0 1 2 616
28 0 1 3 490
28 0 1 3 452
28 0 1 3 475
28 0 1 2 946
28 0 1 3 345
28 0 1 2 777
28 0 1 3 468
28 0 1 3 550
28 0 1 3 457
28 0 1 2 815
28 0 1 3 370
28 0 1 2 898
28 0 1 3 895
28 0 1 3 645
28 0 1 3 702
28 0 1 2 763
28 0 1 3 316
28 0 1 3 612
28 0 1 2 951
28 0 1 2 696
28 0 1 3 521
28 0 1 3 617
29 0 0 0 701
29 0 0 0 657
29 0 0 0 744
29 0 0 0 691
29 0 0 0 701
29 0 0 0 642
29 0 0 0 554
29 0 0 0 777
29 0 0 0 560
29 0 0 1 758
29 0 0 1 984
29 0 0 1 543
29 0 0 0 670
29 0 0 0 687
29 0 0 0 693
29 0 0 1 711
29 0 0 0 579
29 0 0 0 561
29 0 0 0 824
29 0 0 0 598
29 0 0 0 486
29 0 0 0 715
29 0 0 1 468
29 0 0 0 593
29 0 0 0 704
29 0 0 0 853
29 0 0 0 654
29 0 0 1 732
29 0 0 0 880
29 0 0 1 777
29 0 1 3 665
29 0 1 3 595
29 0 1 3 956
29 0 1 2 699
29 0 1 3 738
29 0 1 3 475
29 0 1 3 584
29 0 1 3 582
29 0 1 3 544
29 0 1 3 764
29 0 1 3 1059
29 0 1 3 612
29 0 1 3 499
29 0 1 3 531
29 0 1 3 598
29 0 1 3 477
29 0 1 2 541
29 0 1 3 676
29 0 1 3 465
29 0 1 3 424
29 0 1 3 553
29 0 1 3 534
29 0 1 3 639
29 0 1 3 475
29 0 1 2 1311
29 0 1 3 509
29 0 1 3 681
29 0 1 2 544
29 0 1 3 513
29 0 1 3 550
30 0 0 0 728
30 0 0 0 433
30 0 0 1 703
30 0 0 0 488
30 0 0 1 720
30 0 0 0 866
30 0 0 0 631
30 0 0 0 828
30 0 0 0 581
30 0 0 1 946
30 0 0 0 592
30 0 0 0 577
30 0 0 0 539
30 0 0 0 877
30 0 0 1 701
30 0 0 0 930
30 0 0 0 679
30 0 0 0 781
30 0 0 1 888
30 0 0 0 567
30 0 0 0 450
30 0 0 0 737
30 0 0 1 757
30 0 0 0 624
30 0 0 0 476
30 0 0 0 594
30 0 0 0 780
30 0 0 1 922
30 0 0 0 804
30 0 0 0 630
30 0 1 3 725
30 0 1 3 736
30 0 1 3 811
30 0 1 3 601
30 0 1 2 835
30 0 1 3 1077
30 0 1 2 538
30 0 1 2 668
30 0 1 3 612
30 0 1 3 1111
30 0 1 3 877
30 0 1 3 738
30 0 1 3 696
30 0 1 3 715
30 0 1 2 594
30 0 1 3 635
30 0 1 3 1194
30 0 1 2 888
30 0 1 3 653
30 0 1 3 630
30 0 1 3 639
30 0 1 2 681
30 0 1 3 630
30 0 1 3 670
30 0 1 2 529
30 0 1 2 915
30 0 1 3 799
30 0 1 3 744
30 0 1 3 691
30 0 1 3 1054
31 0 0 0 581
31 0 0 0 813
31 0 0 0 545
31 0 0 1 944
31 0 0 0 431
31 0 0 0 754
31 0 0 0 562
31 0 0 1 773
31 0 0 1 1142
31 0 0 0 838
31 0 0 0 695
31 0 0 0 804
31 0 0 0 511
31 0 0 0 479
31 0 0 0 464
31 0 0 1 936
31 0 0 0 455
31 0 0 0 600
31 0 0 0 481
31 0 0 1 799
31 0 0 0 431
31 0 0 0 439
31 0 0 1 870
31 0 0 1 764
31 0 0 0 443
31 0 0 0 976
31 0 0 0 512
31 0 0 0 730
31 0 0 0 488
31 0 0 0 529
31 0 1 3 634
31 0 1 3 1505
31 0 1 3 700
31 0 1 3 1207
31 0 1 3 854
31 0 1 2 538
31 0 1 3 673
31 0 1 3 992
31 0 1 3 627
31 0 1 3 969
31 0 1 2 485
31 0 1 3 743
31 0 1 2 539
31 0 1 3 1056
31 0 1 3 919
31 0 1 3 651
31 0 1 3 824
31 0 1 3 803
31 0 1 3 829
31 0 1 2 505
31 0 1 3 1000
31 0 1 3 835
31 0 1 2 447
31 0 1 3 921
31 0 1 2 748
31 0 1 3 716
31 0 1 3 630
31 0 1 3 1434
31 0 1 3 807
31 0 1 3 816
32 0 0 0 568
32 0 0 0 501
32 0 0 0 734
32 0 0 1 802
32 0 0 0 580
32 0 0 0 485
32 0 0 0 479
32 0 0 1 987
32 0 0 0 682
32 0 0 0 478
32 0 0 0 540
32 0 0 1 872
32 0 0 1 734
32 0 0 0 593
32 0 0 0 865
32 0 0 0 460
32 0 0 1 1408
32 0 0 1 890
32 0 0 0 538
32 0 0 1 769
32 0 0 0 555
32 0 0 1 837
32 0 0 0 392
32 0 0 0 612
32 0 0 0 607
32 0 0 0 295
32 0 0 0 694
32 0 0 0 505
32 0 0 0 705
32 0 0 0 455
32 0 1 3 962
32 0 1 3 1093
32 0 1 3 654
32 0 1 2 646
32 0 1 2 571
32 0 1 3 760
32 0 1 3 803
32 0 1 3 735
32 0 1 2 556
32 0 1 3 820
32 0 1 3 892
32 0 1 2 820
32 0 1 3 1273
32 0 1 3 930
32 0 1 3 776
32 0 1 3 1134
32 0 1 2 596
32 0 1 2 689
32 0 1 3 996
32 0 1 3 833
32 0 1 3 778
32 0 1 2 646
32 0 1 3 657
32 0 1 2 616
32 0 1 3 807
32 0 1 2 493
32 0 1 3 1106
32 0 1 2 507
32 0 1 3 1095
32 0 1 3 623
33 0 0 1 892
33 0 0 0 497
33 0 0 0 635
33 0 0 1 837
33 0 0 0 485
33 0 0 0 639
33 0 0 0 544
33 0 0 0 523
33 0 0 0 544
33 0 0 0 611
33 0 0 0 786
33 0 0 0 611
33 0 0 0 686
33 0 0 1 926
33 0 0 0 470
33 0 0 0 845
33 0 0 0 477
33 0 0 0 693
33 0 0 0 407
33 0 0 0 546
33 0 0 0 1084
33 0 0 0 564
33 0 0 0 735
33 0 0 1 768
33 0 0 0 502
33 0 0 0 560
33 0 0 1 1302
33 0 0 0 539
33 0 0 0 544
33 0 0 0 611
33 0 1 2 690
33 0 1 3 509
33 0 1 3 585
33 0 1 3 486
33 0 1 3 516
33 0 1 3 732
33 0 1 3 517
33 0 1 3 787
33 0 1 3 466
33 0 1 2 608
33 0 1 2 520
33 0 1 2 868
33 0 1 3 958
33 0 1 2 546
33 0 1 2 842
33 0 1 3 565
33 0 1 2 692
33 0 1 3 703
33 0 1 3 898
33 0 1 3 483
33 0 1 2 1202
33 0 1 2 593
33 0 1 3 931
33 0 1 2 744
33 0 1 3 516
33 0 1 3 688
33 0 1 2 727
33 0 1 3 507
33 0 1 3 796
33 0 1 3 685
34 0 0 0 505
34 0 0 1 842
34 0 0 1 996
34 0 0 1 1025
34 0 0 0 451
34 0 0 0 553
34 0 0 0 598
34 0 0 0 476
34 0 0 1 904
34 0 0 1 1079
34 0 0 0 689
34 0 0 0 530
34 0 0 0 493
34 0 0 0 587
34 0 0 1 1205
34 0 0 0 590
34 0 0 0 484
34 0 0 0 608
34 0 0 1 1099
34 0 0 0 800
34 0 0 0 501
34 0 0 1 1791
34 0 0 0 683
34 0 0 0 505
34 0 0 0 440
34 0 0 0 588
34 0 0 0 511
34 0 0 1 1250
34 0 0 1 975
34 0 0 0 551
34 0 1 3 922
34 0 1 3 1028
34 0 1 2 598
34 0 1 2 384
34 0 1 3 1033
34 0 1 3 898
34 0 1 3 1054
34 0 1 2 479
34 0 1 3 832
34 0 1 3 858
34 0 1 3 1381
34 0 1 3 1182
34 0 1 3 1086
34 0 1 2 566
34 0 1 3 968
34 0 1 3 1157
34 0 1 3 855
34 0 1 3 1177
34 0 1 3 904
34 0 1 2 971
34 0 1 3 1199
34 0 1 3 1229
34 0 1 3 1012
34 0 1 2 554
34 0 1 3 929
34 0 1 3 839
34 0 1 2 1402
34 0 1 2 654
34 0 1 3 1239
34 0 1 3 947
35 0 0 0 1098
35 0 0 1 806
35 0 0 0 801
35 0 0 0 646
35 0 0 0 697
35 0 0 1 673
35 0 0 0 671
35 0 0 1 701
35 0 0 0 729
35 0 0 0 687
35 0 0 0 997
35 0 0 0 741
35 0 0 0 1168
35 0 0 0 838
35 0 0 0 795
35 0 0 1 555
35 0 0 0 795
35 0 0 1 970
35 0 0 0 864
35 0 0 0 1012
35 0 0 0 709
35 0 0 1 665
35 0 0 0 665
35 0 0 0 787
35 0 0 0 675
35 0 0 0 731
35 0 0 1 643
35 0 0 0 914
35 0 0 0 746
35 0 0 0 695
35 0 1 3 539
35 0 1 3 817
35 0 1 3 993
35 0 1 3 529
35 0 1 3 485
35 0 1 3 482
35 0 1 3 549
35 0 1 2 837
35 0 1 3 479
35 0 1 2 1327
35 0 1 3 563
35 0 1 2 733
35 0 1 3 514
35 0 1 3 500
35 0 1 3 727
35 0 1 3 1056
35 0 1 3 528
35 0 1 3 577
35 0 1 3 559
35 0 1 3 419
35 0 1 3 675
35 0 1 3 598
35 0 1 3 473
35 0 1 3 643
35 0 1 3 570
35 0 1 3 644
35 0 1 3 526
35 0 1 3 616
35 0 1 3 540
35 0 1 3 643
36 0 0 0 789
36 0 0 1 767
36 0 0 1 1162
36 0 0 0 591
36 0 0 0 779
36 0 0 1 743
36 0 0 0 635
36 0 0 0 549
36 0 0 0 706
36 0 0 1 953
36 0 0 0 551
36 0 0 0 629
36 0 0 0 592
36 0 0 0 587
36 0 0 0 651
36 0 0 0 534
36 0 0 0 560
36 0 0 1 814
36 0 0 0 663
36 0 0 0 721
36 0 0 1 902
36 0 0 1 1099
36 0 0 1 902
36 0 0 0 617
36 0 0 0 732
36 0 0 0 608
36 0 0 0 545
36 0 0 0 570
36 0 0 0 605
36 0 0 0 486
36 0 1 3 611
36 0 1 3 628
36 0 1 3 757
36 0 1 3 756
36 0 1 2 595
36 0 1 3 972
36 0 1 3 1115
36 0 1 3 725
36 0 1 3 991
36 0 1 2 759
36 0 1 2 674
36 0 1 3 842
36 0 1 3 621
36 0 1 3 619
36 0 1 3 691
36 0 1 3 963
36 0 1 3 872
36 0 1 3 685
36 0 1 2 713
36 0 1 3 631
36 0 1 2 581
36 0 1 3 770
36 0 1 3 622
36 0 1 3 677
36 0 1 3 802
36 0 1 3 790
36 0 1 2 929
36 0 1 2 599
36 0 1 2 564
36 0 1 2 657
37 0 0 1 632
37 0 0 0 845
37 0 0 1 930
37 0 0 1 714
37 0 0 0 596
37 0 0 0 547
37 0 0 0 608
37 0 0 1 904
37 0 0 1 948
37 0 0 0 556
37 0 0 1 1004
37 0 0 0 512
37 0 0 0 753
37 0 0 0 481
37 0 0 0 612
37 0 0 0 787
37 0 0 0 471
37 0 0 0 720
37 0 0 0 671
37 0 0 0 571
37 0 0 0 605
37 0 0 0 800
37 0 0 1 1018
37 0 0 0 531
37 0 0 0 755
37 0 0 1 653
37 0 0 0 488
37 0 0 0 739
37 0 0 0 575
37 0 0 1 971
37 0 1 2 629
37 0 1 2 700
37 0 1 3 798
37 0 1 2 904
37 0 1 3 627
37 0 1 3 600
37 0 1 3 706
37 0 1 3 575
37 0 1 2 570
37 0 1 3 614
37 0 1 3 661
37 0 1 2 652
37 0 1 3 704
37 0 1 2 859
37 0 1 3 726
37 0 1 3 581
37 0 1 2 745
37 0 1 3 640
37 0 1 2 751
37 0 1 2 798
37 0 1 3 737
37 0 1 3 695
37 0 1 2 791
37 0 1 3 644
37 0 1 3 664
37 0 1 3 564
37 0 1 2 528
37 0 1 3 892
37 0 1 3 561
37 0 1 3 643
38 0 0 1 977
38 0 0 0 547
38 0 0 0 670
38 0 0 0 612
38 0 0 0 663
38 0 0 0 561
38 0 0 0 626
38 0 0 0 578
38 0 0 1 849
38 0 0 1 1318
38 0 0 0 521
38 0 0 1 845
38 0 0 0 458
38 0 0 0 548
38 0 0 0 595
38 0 0 0 637
38 0 0 0 574
38 0 0 0 787
38 0 0 1 727
38 0 0 0 566
38 0 0 0 629
38 0 0 0 685
38 0 0 0 641
38 0 0 0 890
38 0 0 0 778
38 0 0 0 1363
38 0 0 0 853
38 0 0 0 758
38 0 0 0 550
38 0 0 1 617
38 0 1 3 944
38 0 1 3 830
38 0 1 2 913
38 0 1 3 1001
38 0 1 3 813
38 0 1 3 919
38 0 1 3 741
38 0 1 2 537
38 0 1 3 589
38 0 1 3 1043
38 0 1 3 741
38 0 1 3 964
38 0 1 3 687
38 0 1 3 705
38 0 1 3 707
38 0 1 3 741
38 0 1 3 671
38 0 1 3 1238
38 0 1 3 603
38 0 1 2 667
38 0 1 3 758
38 0 1 2 681
38 0 1 3 792
38 0 1 3 582
38 0 1 3 788
38 0 1 3 761
38 0 1 3 745
38 0 1 3 743
38 0 1 2 741
38 0 1 3 743
39 0 0 0 719
39 0 0 1 1036
39 0 0 1 1626
39 0 0 1 762
39 0 0 1 1132
39 0 0 0 624
39 0 0 1 914
39 0 0 1 717
39 0 0 0 584
39 0 0 0 582
39 0 0 0 487
39 0 0 0 624
39 0 0 0 595
39 0 0 0 616
39 0 0 0 520
39 0 0 0 577
39 0 0 0 721
39 0 0 1 1126
39 0 0 1 1138
39 0 0 1 1298
39 0 0 0 545
39 0 0 1 886
39 0 0 1 1111
39 0 0 0 568
39 0 0 0 867
39 0 0 0 578
39 0 0 1 834
39 0 0 1 1082
39 0 0 0 556
39 0 0 1 821
39 0 1 3 1067
39 0 1 3 681
39 0 1 2 572
39 0 1 3 724
39 0 1 3 933
39 0 1 2 616
39 0 1 2 560
39 0 1 3 1427
39 0 1 2 642
39 0 1 3 1226
39 0 1 3 743
39 0 1 3 711
39 0 1 3 972
39 0 1 3 734
39 0 1 3 1196
39 0 1 3 1299
39 0 1 2 717
39 0 1 2 807
39 0 1 3 1081
39 0 1 3 863
39 0 1 3 926
39 0 1 3 971
39 0 1 3 727
39 0 1 3 644
39 0 1 3 713
39 0 1 3 1445
39 0 1 3 709
39 0 1 3 874
39 0 1 3 850
39 0 1 3 645
